epoch	valid loss	train loss	Cohen kappa	F1-score	MCC				batch	32	lr	0,010
1	0,9904	1,0770	0,0000	0,1836	nan
2	0,9345	0,7888	0,0095	0,1983	0,0803
3	0,8555	0,6988	0,1716	0,2869	0,2046
4	0,8140	0,8222	0,3189	0,3860	0,3108
5	0,7710	0,9994	0,3302	0,3989	0,3417
6	0,7575	0,5784	0,3452	0,3999	0,3836
7	0,7372	1,0628	0,3846	0,4156	0,3942
8	0,7234	0,6299	0,4312	0,4452	0,4329
9	0,6743	0,5256	0,4477	0,4849	0,4782
10	0,6789	0,5418	0,4506	0,5534	0,4637
11	0,6459	0,8143	0,4615	0,5102	0,4839
12	0,6996	0,6003	0,4468	0,4454	0,4705
13	0,6462	0,6651	0,5030	0,5846	0,5250
14	0,6560	0,9834	0,5026	0,5143	0,5284
15	0,6157	0,6791	0,5501	0,6139	0,5789
16	0,6229	0,5556	0,5117	0,5775	0,5357
17	0,6083	0,6512	0,5409	0,5241	0,5317
18	0,6147	0,3507	0,5500	0,6248	0,5791
19	0,5849	0,3063	0,5561	0,5613	0,5746
20	0,5896	0,5250	0,5651	0,5975	0,5910
21	0,5917	0,3973	0,5376	0,5717	0,5730
22	0,5858	0,3491	0,5622	0,6220	0,6076
23	0,5997	0,5417	0,5665	0,6085	0,5753
24	0,5773	0,5040	0,5705	0,5991	0,5982
25	0,5618	0,4433	0,6198	0,6891	0,6238
26	0,5782	0,3215	0,5997	0,6382	0,5963
27	0,7995	0,6618	0,3386	0,4044	0,3556
28	0,6971	0,5668	0,4581	0,4785	0,4671
29	0,6646	0,4098	0,4570	0,5165	0,4953
30	0,6574	0,5887	0,5065	0,6093	0,5324
31	0,6174	0,5355	0,5168	0,5425	0,5169
32	0,6086	0,7613	0,5218	0,6315	0,5724
33	0,5698	0,6054	0,5645	0,6480	0,5888
34	0,5956	0,7470	0,5624	0,6215	0,5902
35	0,5745	0,4264	0,5938	0,6271	0,5906
36	0,5648	0,5126	0,5760	0,6719	0,6063
37	0,5697	0,5026	0,5615	0,6076	0,6034
38	0,5874	0,4828	0,5556	0,5666	0,5672
39	0,5782	0,4925	0,5661	0,6406	0,5835
40	0,5648	0,6103	0,5981	0,6040	0,5744
41	0,5806	0,3642	0,5753	0,6410	0,5982
42	0,5503	0,7654	0,5773	0,6418	0,5874
43	0,5875	0,4112	0,5837	0,6496	0,5844
44	0,5552	0,5971	0,5787	0,6525	0,5962
45	0,5462	0,3928	0,6372	0,6984	0,6423
46	0,5466	0,2251	0,6026	0,6775	0,6219
47	0,5634	0,5212	0,5771	0,6477	0,5985
48	0,5466	0,5649	0,5823	0,6494	0,5963
49	0,5260	0,8208	0,6312	0,6866	0,6476
50	0,5228	0,5525	0,6438	0,6891	0,6533
51	0,5277	0,3485	0,6241	0,6861	0,6546
52	0,5454	0,2380	0,5937	0,6718	0,6237
53	0,5452	0,5590	0,6153	0,6693	0,6324
54	0,5497	0,6148	0,6145	0,6930	0,6362
55	0,5478	0,4575	0,6107	0,6722	0,6294
56	0,5411	0,4690	0,6431	0,7091	0,6649
57	0,5585	0,3991	0,6110	0,6749	0,6328
58	0,5939	0,6705	0,5919	0,6583	0,6091
59	0,5345	0,3320	0,6368	0,6681	0,6336
60	0,5271	0,4486	0,6185	0,6968	0,6419
61	0,5388	0,5443	0,6349	0,6833	0,6394
62	0,5408	0,3766	0,6617	0,7223	0,6642
63	0,5566	0,1806	0,6325	0,6992	0,6279
64	0,5574	0,4993	0,6100	0,6756	0,6176
65	0,5481	0,4705	0,6365	0,6963	0,6361
66	0,5592	0,4267	0,6408	0,6773	0,6294
67	0,5564	0,3507	0,6192	0,6887	0,6362
68	0,5507	0,4598	0,6103	0,6708	0,6235
69	0,5607	0,4228	0,6287	0,6849	0,6215
70	0,5941	0,6681	0,5620	0,5953	0,5836
71	0,5571	0,6421	0,5876	0,6379	0,5841
72	0,5855	0,5453	0,6047	0,6652	0,6156
73	0,5316	0,1833	0,6049	0,6834	0,6357
74	0,6412	0,8533	0,5167	0,5807	0,5618
75	0,5492	0,3459	0,6008	0,6844	0,6268
76	0,6671	0,3819	0,4862	0,5432	0,4879
77	0,5355	0,4287	0,6134	0,6973	0,6371
78	0,5745	0,6852	0,6063	0,6685	0,6103
79	0,5956	0,4123	0,5978	0,7075	0,6364
80	0,5250	0,5045	0,6522	0,6871	0,6385
81	0,5475	0,4355	0,6267	0,7316	0,6646
82	0,5369	0,3763	0,6454	0,7080	0,6421
83	0,5713	0,2827	0,6306	0,7099	0,6415
84	0,6292	0,4986	0,5845	0,6415	0,5947
85	0,5715	0,5858	0,5923	0,6783	0,6398
86	0,5544	0,5585	0,6049	0,6580	0,6085
87	0,5772	0,5507	0,6136	0,7033	0,6389
88	0,5702	0,3075	0,6155	0,6890	0,6221
89	0,6280	0,4753	0,6018	0,6965	0,6337
90	0,5979	0,4955	0,6072	0,6700	0,6227
91	0,6067	0,3203	0,6310	0,6866	0,6345
92	0,6436	0,1735	0,5939	0,6723	0,6179
93	0,5883	0,3448	0,6179	0,6982	0,6271
94	0,6657	0,2223	0,6394	0,6990	0,6316
95	0,6398	0,2672	0,6209	0,7004	0,6300
96	0,6974	0,1363	0,6043	0,6840	0,5998
97	0,7673	0,2068	0,5615	0,6655	0,5880
98	0,7023	0,0587	0,6090	0,6944	0,6266
99	0,7282	0,5693	0,6265	0,6905	0,6224
100	0,7634	0,0665	0,5833	0,6647	0,5944
101	0,7511	0,1899	0,6064	0,6823	0,6275
102	0,7275	0,2097	0,6133	0,7057	0,6385
103	0,8117	0,1227	0,6183	0,6779	0,6226
104	0,8304	0,4265	0,6027	0,6877	0,6140
105	0,8694	0,0767	0,5846	0,6861	0,6158
106	0,8487	0,1341	0,5738	0,6824	0,5979
107	0,8539	0,1594	0,5958	0,6938	0,6147
108	0,8021	0,2219	0,6134	0,7165	0,6382
109	0,9659	0,3844	0,5787	0,6962	0,6093
110	0,9024	0,3415	0,5721	0,6916	0,5864
111	0,9094	0,1011	0,5686	0,7060	0,5913
112	0,8958	0,1922	0,6177	0,6701	0,6102
113	0,9535	0,1678	0,5944	0,6690	0,5822
114	1,0224	0,0415	0,5953	0,6826	0,5860
115	0,9902	0,0793	0,5732	0,6542	0,5767
116	0,9813	0,1620	0,5811	0,7159	0,6270
117	1,0242	0,0669	0,5691	0,6618	0,5752
118	1,0382	0,0644	0,6083	0,6820	0,6108
119	1,1294	0,0892	0,5947	0,6542	0,5945
120	1,0881	0,1753	0,5521	0,6776	0,5582