epoch	valid loss	train loss	Cohen kappa	F1-score	MCC				batch	64	lr	0,005
1	0,9687	0,9354	-0,0010	0,1879	nan
2	0,9519	0,8907	0,0503	0,2383	0,1205
3	0,8817	0,8467	0,1714	0,2720	0,2013
4	0,8190	0,8140	0,1751	0,3031	0,2010
5	0,7702	0,7217	0,3525	0,4138	0,3546
6	0,7757	0,7445	0,2857	0,3712	0,3137
7	0,7313	0,5485	0,3631	0,4391	0,4116
8	0,6967	0,6600	0,4081	0,4529	0,3995
9	0,6666	0,5344	0,4566	0,5336	0,4623
10	0,6772	0,6195	0,4466	0,5308	0,4791
11	0,6161	0,4941	0,5159	0,4666	0,5059
12	0,6085	0,5485	0,5098	0,6002	0,5162
13	0,6151	0,7952	0,4964	0,5565	0,5184
14	0,5923	0,5448	0,5362	0,6307	0,5833
15	0,6008	0,6236	0,5410	0,5852	0,5411
16	0,5650	0,4087	0,5835	0,6178	0,5993
17	0,6079	0,7355	0,5349	0,5821	0,5402
18	0,5626	0,5257	0,5588	0,5852	0,5627
19	0,6323	0,5076	0,5411	0,5997	0,5530
20	0,5427	0,5602	0,5831	0,6494	0,5984
21	0,5644	0,5182	0,5999	0,6619	0,6210
22	0,5761	0,6585	0,5688	0,6537	0,6063
23	0,5195	0,5263	0,5822	0,6393	0,6019
24	0,5247	0,3564	0,6093	0,6409	0,6235
25	0,5351	0,5649	0,6095	0,6176	0,6263
26	0,5290	0,5729	0,6067	0,6576	0,6012
27	0,5352	0,4377	0,5967	0,6420	0,6032
28	0,5018	0,4395	0,6293	0,6476	0,6371
29	0,5289	0,4710	0,6353	0,6219	0,6231
30	0,5347	0,4844	0,6248	0,6063	0,6118
31	0,5478	0,4890	0,5818	0,6421	0,5950
32	0,5884	0,4858	0,5502	0,5906	0,5814
33	0,5622	0,7680	0,5871	0,6296	0,5909
34	0,5080	0,4555	0,6317	0,6246	0,6266
35	0,5249	0,5033	0,6026	0,6456	0,6196
36	0,5120	0,3935	0,6316	0,6405	0,6249
37	0,5345	0,6332	0,6073	0,6309	0,6202
38	0,5155	0,4000	0,5961	0,6338	0,6324
39	0,5517	0,4335	0,5843	0,5985	0,5914
40	0,5271	0,3611	0,6202	0,6420	0,6233
41	0,5205	0,4776	0,6168	0,6437	0,6227
42	0,5224	0,4235	0,6424	0,6465	0,6400
43	0,5143	0,5572	0,6303	0,6787	0,6551
44	0,5355	0,4050	0,6239	0,6823	0,6221
45	0,5318	0,5566	0,6197	0,6777	0,6344
46	0,5343	0,2611	0,6113	0,6618	0,6362
47	0,5602	0,6120	0,6117	0,6434	0,6226
48	0,5343	0,3632	0,6189	0,6342	0,6293
49	0,5468	0,7252	0,6126	0,6702	0,6443
50	0,5233	0,3652	0,6422	0,6420	0,6122
51	0,5386	0,4308	0,6398	0,6286	0,6342
52	0,5557	0,1997	0,5899	0,6466	0,6108
53	0,5283	0,5336	0,6453	0,6652	0,6411
54	0,5196	0,6347	0,6143	0,6378	0,6278
55	0,5173	0,3437	0,6400	0,6616	0,6479
56	0,5607	0,6760	0,6236	0,6541	0,6407
57	0,5646	0,4151	0,6322	0,6074	0,6401
58	0,5942	0,5366	0,5874	0,6239	0,5975
59	0,5852	0,4205	0,6007	0,6497	0,6063
60	0,5807	0,3272	0,5861	0,6372	0,6046
61	0,5284	0,4151	0,6312	0,6489	0,6417
62	0,5822	0,2989	0,6055	0,6403	0,6300
63	0,5988	0,6458	0,6011	0,6500	0,6044
64	0,5503	0,4263	0,6124	0,6427	0,6084
65	0,5766	0,2147	0,6008	0,6766	0,6458
66	0,6197	0,1415	0,6085	0,6649	0,6326
67	0,6174	0,2961	0,6152	0,6175	0,6072
68	0,6606	0,2994	0,5882	0,6198	0,5866
69	0,6357	0,1711	0,6109	0,6326	0,6221
70	0,6703	0,3862	0,5867	0,6568	0,6054
71	0,6793	0,2632	0,5934	0,6482	0,6076
72	0,7014	0,1764	0,5952	0,6297	0,6004
73	0,7565	0,1695	0,6024	0,6112	0,5845
74	0,6844	0,2655	0,6140	0,6590	0,6285
75	0,7911	0,3081	0,5693	0,6454	0,5571
76	0,6830	0,2321	0,6193	0,6530	0,6202
77	0,7833	0,1076	0,5902	0,6146	0,5802
78	0,7993	0,1245	0,5269	0,6314	0,5415
79	0,8109	0,1375	0,6045	0,6409	0,6120
80	0,9023	0,1258	0,5781	0,6169	0,5900
81	1,0092	0,2481	0,5447	0,6415	0,5664
82	0,8519	0,1618	0,6097	0,6497	0,6114
83	0,9368	0,0736	0,5891	0,6361	0,5868
84	0,9883	0,1497	0,5781	0,6149	0,5882
85	1,0271	0,1777	0,5425	0,5638	0,5274
86	0,9294	0,0892	0,5682	0,6241	0,5855
87	1,0926	0,2358	0,5670	0,6176	0,5791
88	0,9960	0,0574	0,5886	0,6578	0,6029
89	1,0466	0,1347	0,5974	0,6481	0,6237
90	0,9730	0,1968	0,5923	0,6921	0,6196
91	1,1439	0,3309	0,5955	0,6585	0,6161
92	1,1897	0,0286	0,6009	0,6420	0,5744
93	1,1208	0,0850	0,5885	0,6481	0,5979
94	1,1794	0,1105	0,5639	0,6359	0,5846
95	1,1298	0,0379	0,5770	0,6144	0,5753
96	1,1973	0,0124	0,5738	0,6424	0,5916
97	1,1484	0,0177	0,5877	0,6288	0,6026
98	1,2124	0,0896	0,6008	0,6435	0,5902
99	1,2483	0,0864	0,5387	0,5814	0,5364
100	1,0930	0,0480	0,5908	0,6526	0,6009
101	1,1395	0,0655	0,5751	0,6740	0,6095
102	1,2797	0,0734	0,6026	0,6073	0,5935
103	1,3576	0,0157	0,5828	0,6223	0,5791
104	1,1869	0,0628	0,5582	0,6470	0,5622
105	1,1817	0,0104	0,6014	0,6560	0,6141
106	1,2173	0,0060	0,5808	0,6441	0,6049
107	1,3515	0,0971	0,5612	0,6175	0,5447
108	0,9700	0,0833	0,5936	0,6233	0,5861
109	1,0413	0,0138	0,5926	0,6338	0,5862
110	1,2159	0,0320	0,6148	0,6571	0,6217
111	1,2241	0,0146	0,6131	0,6619	0,5891
112	1,2457	0,0768	0,5826	0,6040	0,5837
113	1,3877	0,0363	0,5730	0,5956	0,5853
114	1,2230	0,0661	0,5917	0,6563	0,6028
115	1,4505	0,1296	0,5336	0,5924	0,5254
116	1,1661	0,0593	0,5927	0,6126	0,5799
117	1,2258	0,0467	0,5810	0,6482	0,6138
118	1,2706	0,0227	0,5942	0,6285	0,5745
119	1,3569	0,0055	0,5950	0,6222	0,5832
120	1,4035	0,0019	0,5923	0,6433	0,6108