epoch	valid loss	train loss	Cohen kappa	F1-score	MCC				batch	128	lr	0,001
1	0,8111	0,8140	0,2703	0,2976	0,2959
2	0,7755	0,9164	0,2960	0,3590	0,3363
3	0,6955	0,7790	0,3996	0,4536	0,4192
4	0,6489	0,6584	0,4269	0,4741	0,4315
5	0,6347	0,5953	0,5051	0,4716	0,4876
6	0,6254	0,5419	0,4874	0,5399	0,4858
7	0,5861	0,7023	0,5307	0,5653	0,5317
8	0,5880	0,7515	0,5380	0,6023	0,5661
9	0,5531	0,4973	0,5539	0,5686	0,5557
10	0,5603	0,6093	0,5367	0,5769	0,5387
11	0,5475	0,6997	0,5720	0,6079	0,5802
12	0,5307	0,6086	0,5978	0,6298	0,6102
13	0,5337	0,5141	0,5696	0,6296	0,6061
14	0,5366	0,4506	0,6145	0,6491	0,6125
15	0,5452	0,3148	0,5481	0,6232	0,5929
16	0,5436	0,4346	0,6048	0,6484	0,6070
17	0,5162	0,5523	0,5940	0,6349	0,6235
18	0,5011	0,4101	0,6137	0,6902	0,6307
19	0,5241	0,4568	0,6217	0,6784	0,6428
20	0,5457	0,5547	0,5900	0,5910	0,5904
21	0,5052	0,3959	0,6074	0,6226	0,6097
22	0,5184	0,5164	0,5929	0,6461	0,5965
23	0,5121	0,4232	0,6203	0,6720	0,6162
24	0,5242	0,5013	0,6137	0,6577	0,6253
25	0,4843	0,5345	0,6528	0,7062	0,6738
26	0,5410	0,3427	0,6255	0,6660	0,6404
27	0,5391	0,4681	0,5909	0,6594	0,6159
28	0,5384	0,6996	0,5988	0,6279	0,6057
29	0,5231	0,4063	0,6084	0,6343	0,6185
30	0,5443	0,4538	0,5993	0,6429	0,6184
31	0,5388	0,5116	0,6291	0,6319	0,6187
32	0,5457	0,3500	0,5888	0,6413	0,6029
33	0,5966	0,4000	0,5934	0,6352	0,5897
34	0,5840	0,5264	0,5941	0,6471	0,5918
35	0,5528	0,3899	0,6066	0,6274	0,6060
36	0,5615	0,3094	0,5933	0,6440	0,6153
37	0,5612	0,4247	0,6097	0,6577	0,6294
38	0,5634	0,3263	0,6117	0,6627	0,6271
39	0,5746	0,3650	0,6120	0,6154	0,5994
40	0,5824	0,3634	0,6455	0,6472	0,6396
41	0,5463	0,3222	0,6387	0,6878	0,6560
42	0,6026	0,3664	0,6159	0,6352	0,6140
43	0,5956	0,3427	0,5988	0,6446	0,5934
44	0,6456	0,2722	0,6019	0,6532	0,5935
45	0,6420	0,3059	0,5893	0,6691	0,6057
46	0,6702	0,2903	0,5584	0,6264	0,5623
47	0,6735	0,3212	0,6054	0,6579	0,5980
48	0,6775	0,2720	0,5851	0,6343	0,5864
49	0,6823	0,2221	0,5889	0,6293	0,5970
50	0,7243	0,1233	0,6036	0,6464	0,6065
51	0,7915	0,1495	0,5987	0,6416	0,5874
52	0,7392	0,1800	0,5915	0,6234	0,6084
53	0,7549	0,2845	0,5546	0,6213	0,5697
54	0,8091	0,1322	0,5763	0,6295	0,5764
55	0,8692	0,1630	0,5494	0,5899	0,5449
56	0,8028	0,1454	0,6047	0,6509	0,6125
57	0,9027	0,1185	0,5742	0,6349	0,5879
58	0,9182	0,1785	0,5701	0,6522	0,5688
59	0,9107	0,1522	0,5988	0,6436	0,6074
60	0,9021	0,1852	0,5553	0,6219	0,5798
61	0,9242	0,1459	0,5616	0,6291	0,5574
62	0,9643	0,1140	0,5840	0,6399	0,5774
63	1,0711	0,1589	0,5397	0,6104	0,5516
64	0,9681	0,1198	0,5799	0,6206	0,5646
65	0,9996	0,0578	0,5741	0,6510	0,5890
66	1,0233	0,1096	0,5931	0,6173	0,5821
67	0,9943	0,1056	0,5913	0,6069	0,5829
68	1,0679	0,1455	0,5533	0,6096	0,5529
69	0,9725	0,1603	0,5687	0,6731	0,5904
70	0,9625	0,1309	0,5556	0,6013	0,5688
71	0,9726	0,0467	0,6065	0,6452	0,5924
72	1,0623	0,0153	0,5922	0,6325	0,5999
73	1,1269	0,0133	0,5831	0,6344	0,5924
74	1,1126	0,0039	0,6074	0,6222	0,6019
75	1,1667	0,0068	0,5879	0,6335	0,6010
76	1,1896	0,0012	0,6168	0,6443	0,6132
77	1,1529	0,0018	0,6140	0,6314	0,6008
78	1,2012	0,0015	0,5953	0,6380	0,6007
79	1,1992	0,0020	0,5974	0,6355	0,6031
80	1,2171	0,0006	0,5983	0,6424	0,6036
81	1,2508	0,0006	0,5887	0,6500	0,6086
82	1,2508	0,0006	0,6018	0,6447	0,6072
83	1,2597	0,0006	0,6133	0,6443	0,6176
84	1,2957	0,0004	0,6063	0,6468	0,6232
85	1,2623	0,0004	0,6088	0,6431	0,6137
86	1,3091	0,0004	0,6086	0,6426	0,6103
87	1,3033	0,0003	0,6166	0,6433	0,6026
88	1,3066	0,0002	0,6036	0,6250	0,5965
89	1,3185	0,0003	0,6113	0,6402	0,6088
90	1,3186	0,0002	0,6005	0,6569	0,6241
91	1,3554	0,0003	0,5996	0,6486	0,6246
92	1,3776	0,0005	0,5969	0,6441	0,6166
93	1,3214	0,0001	0,6028	0,6459	0,6175
94	1,3112	0,0003	0,6266	0,6344	0,6004
95	1,3525	0,0002	0,6095	0,6455	0,6068
96	1,3616	0,0002	0,6079	0,6395	0,6167
97	1,3671	0,0003	0,6156	0,6501	0,6170
98	1,3816	0,0002	0,6023	0,6518	0,6212
99	1,3516	0,0001	0,6293	0,6554	0,6198
100	1,3667	0,0002	0,6281	0,6339	0,5993
101	1,3725	0,0002	0,6185	0,6454	0,6126
102	1,3785	0,0002	0,6099	0,6352	0,5912
103	1,3922	0,0006	0,6141	0,6435	0,6192
104	1,4070	0,0002	0,6129	0,6431	0,6151
105	1,4337	0,0001	0,6079	0,6378	0,6070
106	1,4255	0,0003	0,5855	0,6594	0,6237
107	1,4019	0,0001	0,6181	0,6388	0,6120
108	1,4458	0,0001	0,5934	0,6446	0,6221
109	1,4164	0,0003	0,6302	0,6426	0,6108
110	1,4414	0,0001	0,6272	0,6529	0,6273
111	1,4263	0,0001	0,6089	0,6424	0,6158
112	1,4183	0,0001	0,6229	0,6460	0,6203
113	1,4567	0,0001	0,6162	0,6448	0,6103
114	1,4310	0,0001	0,6292	0,6563	0,6223
115	1,4561	0,0001	0,6080	0,6413	0,6098
116	1,4306	0,0001	0,6256	0,6422	0,6210
117	1,4302	0,0001	0,6137	0,6474	0,6156
118	1,4324	0,0001	0,5978	0,6301	0,5941
119	1,4829	0,0000	0,6003	0,6398	0,6092
120	1,4880	0,0001	0,6046	0,6402	0,5983