epoch	valid loss	train loss	Cohen kappa	F1-score	MCC				batch	16	lr	0,001
1	0,8213	0,7363	0,2728	0,3507	0,3036
2	0,7538	0,7215	0,2983	0,3923	0,3513
3	0,7121	0,5072	0,4149	0,5462	0,4448
4	0,6586	0,5447	0,4624	0,5874	0,5087
5	0,6640	0,8759	0,4997	0,5740	0,5143
6	0,6914	1,2917	0,4988	0,5560	0,5396
7	0,6355	0,7780	0,5145	0,5655	0,5489
8	0,6067	0,2906	0,5519	0,6284	0,5715
9	0,6151	0,3785	0,5304	0,6283	0,5511
10	0,6176	0,8160	0,5465	0,6141	0,5636
11	0,6079	0,3742	0,5571	0,6185	0,5861
12	0,6126	0,2065	0,5640	0,6311	0,5987
13	0,5860	1,1585	0,5578	0,6278	0,5810
14	0,6032	0,1876	0,5580	0,6484	0,6075
15	0,5953	0,2261	0,5834	0,6402	0,5924
16	0,7045	0,3269	0,4981	0,5545	0,5108
17	0,7104	0,0872	0,5362	0,6412	0,5771
18	0,6696	0,4860	0,5748	0,6426	0,5961
19	0,7021	0,8684	0,5498	0,6261	0,5701
20	0,6801	0,1837	0,5572	0,6032	0,5883
21	0,7402	0,4448	0,5899	0,6427	0,5936
22	0,9147	0,1795	0,5314	0,6064	0,5697
23	0,9854	0,0917	0,5241	0,6015	0,5334
24	0,9666	0,1617	0,5300	0,5914	0,5461
25	1,0205	0,0347	0,5486	0,6243	0,5785
26	0,9992	0,3211	0,5221	0,6195	0,5437
27	0,9818	0,1043	0,5301	0,6315	0,5441
28	1,2042	0,0124	0,5184	0,5734	0,4907
29	1,1558	0,0241	0,5581	0,5875	0,5700
30	1,2158	0,0199	0,5295	0,5894	0,5697
31	1,1866	0,1405	0,5107	0,6217	0,5471
32	1,3797	0,1032	0,5179	0,6048	0,5388
33	1,3076	0,0332	0,5604	0,5953	0,5406
34	1,2626	0,1152	0,4945	0,5755	0,5188
35	1,3851	0,1076	nan	0,5561	0,5013
36	1,2912	0,0067	0,5175	0,5840	0,5338
37	1,2462	0,0326	0,5193	0,6288	0,5904
38	1,3810	0,0152	0,5330	0,5878	0,5440
39	1,4242	0,1034	0,5505	0,6191	0,5487
40	1,6491	0,0318	0,5148	0,6416	0,5289
41	1,3841	0,0430	0,5596	0,6027	0,5435
42	1,5073	0,0945	0,5340	0,6388	0,5813
43	1,5671	0,2682	0,5243	0,6305	0,5695
44	1,4910	0,0212	0,5168	0,6024	0,5463
45	1,5160	0,0007	0,5203	0,6301	0,5455
46	1,6467	0,1173	0,5348	0,6303	0,5874
47	1,5905	0,8654	0,4775	0,5844	0,5371
48	1,4710	0,0292	0,5366	0,6003	0,5589
49	1,5833	0,0011	0,5265	0,5788	0,5572
50	1,5898	0,0032	0,5245	0,6059	0,5257
51	1,6148	0,0775	0,5362	0,6402	0,5555
52	1,6362	0,0091	0,4916	0,6070	0,4961
53	1,5754	0,0033	0,4817	0,5871	0,5372
54	1,5191	0,0037	0,5277	0,6508	0,5875
55	1,4957	0,0051	0,4856	0,6055	0,5155
56	1,6434	0,0268	0,5456	0,5997	0,5353
57	1,7077	0,0039	0,5559	0,6166	0,5555
58	1,6397	0,2252	0,5428	0,6384	0,5665
59	1,6915	0,1860	0,5087	0,5815	0,5326
60	1,5930	0,0022	0,5111	0,5944	0,5345
61	1,7705	0,0371	0,5009	0,6223	0,5496
62	1,7127	0,4648	0,5333	0,6276	0,5641
63	2,0686	0,0135	0,4925	0,5801	0,5451
64	1,6841	0,0003	0,5315	0,6234	0,5626
65	1,5417	0,0019	0,5470	0,6430	0,5510
66	1,9968	0,0013	0,5133	0,5971	0,4930
67	1,9006	0,0001	0,5588	0,6210	0,5677
68	1,7873	0,2853	0,5029	0,5745	0,5038
69	1,6479	0,0008	0,5414	0,6277	0,5414
70	1,8179	0,0063	0,5443	0,6182	0,5672
71	1,7334	0,1435	0,5149	0,6242	0,5560
72	1,8647	0,0428	0,5213	0,6018	0,5526
73	1,8458	0,0104	0,5164	0,5685	0,5257
74	1,7746	0,0015	0,5041	0,6189	0,5335
75	1,8501	0,0008	0,5146	0,6026	0,5148
76	1,7895	0,1767	0,5184	0,6103	0,5375
77	1,6578	0,0001	0,5221	0,6122	0,5466
78	1,8790	0,0003	0,5090	0,6042	0,5400
79	1,7530	0,0116	0,5252	0,6053	0,5348
80	1,8155	0,0002	0,5428	0,6465	0,5833
81	1,8488	0,0150	0,5204	0,5917	0,5277
82	1,7795	0,2895	0,4862	0,5911	0,5302
83	1,9582	0,0034	0,4883	0,6089	0,5099
84	1,7356	0,0035	0,5480	0,6332	0,5617
85	2,0365	0,0012	0,4941	0,6076	0,5254
86	1,7787	0,0009	0,5230	0,6026	0,5603
87	1,9206	0,0177	0,5136	0,6234	0,5687
88	1,8178	0,0046	0,5063	0,5938	0,5266
89	1,8707	0,1282	0,5241	0,6150	0,5456
90	1,9597	0,0015	0,5237	0,5728	0,5366
91	1,9931	0,0223	0,5145	0,6240	0,5576
92	1,7993	0,0122	0,4957	0,6164	0,5476
93	1,7678	0,0283	0,5664	0,6118	0,5786
94	1,9568	0,0002	0,5816	0,6315	0,5713
95	2,0574	0,0003	0,4998	0,6117	0,5442
96	1,9665	0,0004	0,5324	0,6205	0,5499
97	1,9667	0,0028	0,5801	0,6057	0,5899
98	1,9010	0,0243	0,5571	0,6603	0,5940
99	1,8161	0,0006	0,5488	0,6072	0,5855
100	1,9792	0,0030	0,5711	0,6040	0,5455
101	2,0042	0,0037	0,5136	0,6014	0,5597
102	1,6566	0,0022	0,5374	0,6189	0,5602
103	1,8790	0,0026	0,5608	0,6185	0,5910
104	2,1010	0,0001	0,4506	0,5840	0,5310
105	1,6634	0,0007	0,5431	0,6117	0,5676
106	1,7801	0,0175	0,5570	0,6239	0,5680
107	2,0341	0,0564	0,4673	0,5794	0,5230
108	1,8261	0,2628	0,5641	0,6334	0,5673
109	1,7705	0,0004	0,5199	0,6225	0,5673
110	1,7545	0,0034	0,4948	0,5923	0,5158
111	2,0882	0,0000	0,5447	0,6248	0,5739
112	1,9114	0,0028	0,5015	0,6052	0,5425
113	1,9759	0,0016	0,5448	0,6404	0,5801
114	2,1278	0,0000	0,5106	0,5780	0,5282
115	2,1355	0,0081	0,5137	0,5994	0,5514
116	1,9815	0,0000	0,5231	0,6371	0,5736
117	1,8722	0,0065	0,5625	0,6000	0,5423
118	2,0452	0,0011	0,5168	0,5806	0,5408
119	1,9320	0,0007	0,5335	0,6154	0,5590
120	1,9307	0,0004	0,5272	0,6140	0,5387