epoch	valid loss	train loss	Cohen kappa	F1-score	MCC				batch	64	lr	0,005
1	0,9356	0,8591	0,1348	0,2840	0,1722
2	0,8618	0,8422	0,2339	0,3072	0,2797
3	0,7751	0,6728	0,3437	0,4246	0,3425
4	0,7281	0,6886	0,3914	0,4350	0,4124
5	0,6864	0,6236	0,4462	0,4822	0,4506
6	0,6881	0,6760	0,4392	0,5182	0,4466
7	0,6342	0,6959	0,4818	0,5966	0,5233
8	0,6467	0,6541	0,4650	0,5451	0,4791
9	0,6391	0,6419	0,4554	0,5766	0,4965
10	0,6741	0,6114	0,4763	0,5544	0,4978
11	0,6436	0,5937	0,4951	0,5829	0,5076
12	0,6332	0,7559	0,5533	0,6359	0,5681
13	0,6200	0,4824	0,5298	0,6119	0,5326
14	0,6301	0,6461	0,5042	0,5588	0,5078
15	0,6339	0,5695	0,5133	0,5802	0,5461
16	0,6156	0,5514	0,5275	0,6649	0,5401
17	0,6250	0,4810	0,5526	0,5834	0,5471
18	0,6117	0,5408	0,5744	0,6494	0,5648
19	0,6309	0,7034	0,5638	0,6471	0,5699
20	0,6152	0,5373	0,5932	0,6581	0,5616
21	0,6370	0,3288	0,5298	0,6329	0,5524
22	0,6346	0,5623	0,5430	0,6640	0,5861
23	0,6153	0,3631	0,5728	0,6576	0,5757
24	0,6113	0,4616	0,5628	0,6429	0,5752
25	0,5919	0,4657	0,5784	0,6629	0,5832
26	0,6260	0,5412	0,5653	0,6472	0,5758
27	0,6131	0,5290	0,5701	0,6676	0,5818
28	0,6555	0,6716	0,5640	0,6826	0,5671
29	0,6106	0,5217	0,5832	0,6922	0,5940
30	0,6178	0,3903	0,5723	0,6489	0,5684
31	0,6185	0,3432	0,5996	0,7012	0,6059
32	0,6252	0,3180	0,5848	0,7011	0,5913
33	0,6145	0,5479	0,5885	0,6948	0,5950
34	0,6239	0,6209	0,5644	0,6561	0,5745
35	0,6492	0,4745	0,5705	0,6279	0,5615
36	0,6533	0,4459	0,5635	0,6725	0,5740
37	0,6354	0,4309	0,5495	0,6387	0,5602
38	0,6497	0,5028	0,5305	0,6688	0,5921
39	0,6473	0,4596	0,5686	0,6430	0,5877
40	0,6536	0,5776	0,5726	0,6420	0,5908
41	0,7238	0,3857	0,5528	0,6585	0,5649
42	0,6765	0,6269	0,5885	0,6854	0,5856
43	0,6291	0,3661	0,5975	0,6942	0,6003
44	0,6758	0,5012	0,5908	0,6648	0,6066
45	0,6884	0,4290	0,5660	0,6542	0,5805
46	0,6863	0,3795	0,5446	0,6776	0,5866
47	0,6798	0,5622	0,5726	0,6748	0,5769
48	0,6592	0,4503	0,6018	0,6570	0,5843
49	0,7095	0,4011	0,5532	0,6689	0,5756
50	0,7503	0,3970	0,5703	0,6606	0,5575
51	0,6912	0,4245	0,5933	0,6523	0,5840
52	0,7342	0,5525	0,5592	0,6861	0,5683
53	0,8285	0,5069	0,5321	0,6563	0,5301
54	0,8146	0,3784	0,5793	0,6902	0,5856
55	0,8105	0,3002	0,5754	0,6868	0,5845
56	0,7858	0,2725	0,5512	0,6590	0,5808
57	0,8256	0,2623	0,5533	0,6649	0,5838
58	0,8011	0,2388	0,5808	0,6674	0,5863
59	0,8124	0,2604	0,5420	0,6104	0,5352
60	0,8535	0,2042	0,5574	0,6180	0,5581
61	0,8406	0,4314	0,5681	0,5961	0,5684
62	0,8903	0,4065	0,5565	0,6513	0,5560
63	0,8531	0,2644	0,5665	0,6944	0,5967
64	0,9026	0,2526	0,5536	0,6501	0,5604
65	0,9865	0,3519	0,5568	0,6419	0,5566
66	0,9413	0,1229	0,5543	0,6535	0,5834
67	0,9672	0,2078	0,5655	0,6162	0,5442
68	1,0114	0,2225	0,5809	0,6808	0,5886
69	1,0877	0,4006	0,5509	0,5914	0,5553
70	1,0418	0,1825	0,5347	0,6794	0,5526
71	1,2067	0,1023	0,5547	0,6276	0,5486
72	1,1164	0,1651	0,5581	0,6721	0,5861
73	1,1480	0,1378	0,5402	0,6304	0,5338
74	1,2387	0,0566	0,5366	0,6646	0,5521
75	1,2906	0,0755	0,5270	0,6591	0,5383
76	1,2561	0,1083	0,5733	0,6564	0,5666
77	1,2759	0,1836	0,5342	0,6553	0,5395
78	1,2452	0,0467	0,5813	0,6849	0,5821
79	1,3578	0,1250	0,5501	0,6494	0,5613
80	1,4507	0,1888	0,5392	0,6824	0,5759
81	1,3776	0,0599	0,5319	0,6052	0,5372
82	1,5422	0,1960	0,5104	0,6315	0,5141
83	1,5125	0,0772	0,5306	0,6833	0,5615
84	1,4390	0,0452	0,5238	0,6140	0,5357
85	1,3847	0,0337	0,5469	0,6456	0,5498
86	1,6547	0,0405	0,5370	0,6227	0,5416
87	1,5053	0,1867	0,5408	0,6376	0,5561
88	1,4777	0,3944	0,5204	0,6219	0,5344
89	1,5842	0,1534	0,5373	0,6555	0,5448
90	1,5477	0,0624	0,5559	0,6378	0,5719
91	1,6110	0,1412	0,5462	0,6608	0,5572
92	1,5581	0,0338	0,5336	0,6478	0,5490
93	1,5583	0,0794	0,5638	0,6487	0,5552
94	1,6991	0,0417	0,5367	0,6150	0,5497
95	1,7831	0,0340	0,5571	0,6549	0,5709
96	1,6931	0,0520	0,5305	0,6436	0,5347
97	1,7927	0,1411	0,5492	0,6592	0,5437
98	1,4229	0,1034	0,5570	0,6909	0,5906
99	1,5748	0,0736	0,5140	0,6534	0,5381
100	1,5588	0,0637	0,5602	0,6736	0,5643
101	1,7365	0,0366	0,5244	0,6481	0,5234
102	1,6599	0,0307	0,5425	0,6434	0,5494
103	1,6571	0,0124	0,5501	0,6662	0,5517
104	1,8265	0,0732	0,5459	0,6664	0,5503
105	1,9116	0,1987	0,5522	0,6632	0,5614
106	1,7631	0,1058	0,5326	0,6624	0,5606
107	1,6292	0,1174	0,5646	0,6784	0,5581
108	1,7874	0,0278	0,5482	0,6803	0,5582
109	1,8053	0,0025	0,5552	0,6784	0,5565
110	2,0059	0,0048	0,5310	0,6528	0,5528
111	1,8307	0,0101	0,5614	0,6657	0,5480
112	1,7932	0,0793	0,5742	0,6744	0,5875
113	1,6843	0,1145	0,5482	0,6566	0,5467
114	1,6971	0,1092	0,5302	0,6372	0,5620
115	1,6510	0,0633	0,5411	0,6598	0,5566
116	1,8160	0,0084	0,5837	0,6575	0,5657
117	1,7761	0,0075	0,5657	0,6501	0,5686
118	1,7145	0,0086	0,5591	0,6637	0,5690
119	1,7796	0,0006	0,5528	0,6495	0,5506
120	1,8984	0,0035	0,5778	0,6463	0,5532