epoch	valid loss	train loss	Cohen kappa	F1-score	MCC				batch	64	lr	0,010
1	0,9040	0,9278	0,0549	0,2449	0,1611
2	0,8223	0,9744	0,3338	0,4348	0,3259
3	0,7060	0,7932	0,3366	0,5181	0,3601
4	0,6487	0,5968	0,4704	0,5654	0,4804
5	0,6458	0,7926	0,4765	0,5812	0,5053
6	0,6101	0,7001	0,5154	0,5612	0,5175
7	0,6196	0,4346	0,4899	0,5181	0,5070
8	0,5812	0,5749	0,5469	0,6217	0,5484
9	0,5618	0,5387	0,5855	0,6387	0,5914
10	0,5585	0,4931	0,5615	0,6382	0,5745
11	0,5919	0,5310	0,5783	0,6777	0,5958
12	0,5667	0,4876	0,5858	0,6733	0,6031
13	0,5505	0,3783	0,5917	0,6819	0,6291
14	0,5559	0,4330	0,6198	0,6703	0,6129
15	0,5378	0,6110	0,6198	0,6768	0,6203
16	0,5853	0,4683	0,5921	0,6492	0,5621
17	0,6210	0,5865	0,5778	0,6720	0,6035
18	0,5588	0,4678	0,6059	0,6821	0,6263
19	0,5765	0,3045	0,6017	0,6526	0,5871
20	0,5931	0,4993	0,5882	0,6616	0,6001
21	0,5929	0,7027	0,6049	0,6700	0,6034
22	0,5879	0,4947	0,6073	0,6660	0,6223
23	0,6253	0,2781	0,6129	0,6813	0,6195
24	0,6869	0,3259	0,5629	0,6493	0,5568
25	0,6296	0,2362	0,5912	0,6653	0,6017
26	0,6571	0,2467	0,5881	0,6348	0,5912
27	0,6825	0,2232	0,5754	0,6533	0,5793
28	0,6739	0,2061	0,5937	0,6935	0,5990
29	0,7846	0,2841	0,5640	0,6221	0,5782
30	0,8448	0,2592	0,5571	0,6255	0,5674
31	0,8338	0,2513	0,5796	0,5989	0,5744
32	0,8819	0,1886	0,5056	0,5825	0,5103
33	1,0265	0,2030	0,5430	0,6477	0,5478
34	0,9762	0,2101	0,5221	0,6084	0,5243
35	0,9639	0,1858	0,5575	0,6267	0,5446
36	0,9640	0,1328	0,5539	0,6508	0,5707
37	1,0762	0,1064	0,5072	0,6022	0,5431
38	1,1421	0,1293	0,5799	0,6623	0,6065
39	1,0772	0,0660	0,5689	0,6137	0,5388
40	1,1873	0,1178	0,5538	0,6313	0,5613
41	1,2511	0,2016	0,5545	0,6318	0,5707
42	1,2744	0,0188	0,5366	0,6330	0,5485
43	1,4267	0,0256	0,5208	0,6124	0,5298
44	1,2014	0,1230	0,5949	0,6178	0,5747
45	1,1775	0,0805	0,5539	0,6501	0,5735
46	1,3929	0,1092	0,5279	0,6306	0,5385
47	1,3690	0,0066	0,5374	0,5881	0,5413
48	1,4390	0,0302	0,5399	0,6470	0,5489
49	1,4501	0,2395	0,5622	0,6377	0,5463
50	1,4585	0,0282	0,5669	0,6395	0,5594
51	1,4538	0,0724	0,5271	0,6100	0,5242
52	1,4355	0,0133	0,5547	0,5735	0,5413
53	1,6026	0,0162	0,5420	0,6202	0,5491
54	1,6489	0,0942	0,5308	0,5506	0,5272
55	1,4524	0,0408	0,5420	0,5880	0,5478
56	1,4001	0,0811	0,5816	0,6410	0,5499
57	1,6315	0,0055	0,5698	0,6466	0,5743
58	1,6519	0,0132	0,5493	0,6425	0,5693
59	1,4605	0,0367	0,5493	0,6427	0,5644
60	1,3953	0,0166	0,5242	0,6385	0,5488
61	1,5297	0,0057	0,5683	0,6468	0,5715
62	1,6485	0,0435	0,5672	0,6463	0,5708
63	1,6709	0,0207	0,5695	0,6717	0,5823
64	1,7394	0,0467	0,5342	0,5439	0,5283
65	1,4885	0,0207	0,4900	0,5796	0,5041
66	1,5448	0,0039	0,5741	0,6363	0,5536
67	1,6731	0,0518	0,5110	0,6169	0,5095
68	1,5315	0,0113	0,5275	0,6039	0,5415
69	1,6853	0,0047	0,5262	0,6267	0,5286
70	1,7109	0,0224	0,5557	0,6240	0,5494
71	1,4537	0,0589	0,5679	0,6479	0,5840
72	1,5555	0,0050	0,5641	0,6656	0,5818
73	1,6842	0,0005	0,5710	0,6600	0,5741
74	1,7317	0,0022	0,5849	0,6506	0,5723
75	1,7694	0,0003	0,5794	0,6637	0,5751
76	1,8489	0,0003	0,5524	0,6558	0,5601
77	1,8072	0,0002	0,5769	0,6793	0,5775
78	1,8318	0,0004	0,5615	0,6548	0,5756
79	1,8425	0,0005	0,5826	0,6558	0,5619
80	1,8695	0,0000	0,5456	0,6612	0,5706
81	1,8358	0,0002	0,5627	0,6635	0,5671
82	1,9255	0,0000	0,5405	0,6629	0,5644
83	1,9104	0,0002	0,5789	0,6430	0,5683
84	1,9431	0,0001	0,5660	0,6558	0,5612
85	1,8975	0,0000	0,5675	0,6476	0,5624
86	1,9159	0,0000	0,5683	0,6785	0,5886
87	1,9107	0,0001	0,5684	0,6702	0,5782
88	1,9570	0,0000	0,5786	0,6723	0,5729
89	2,0013	0,0000	0,5747	0,6585	0,5760
90	1,9959	0,0002	0,5631	0,6620	0,5676
91	1,9588	0,0000	0,5652	0,6423	0,5537
92	2,0406	0,0000	0,5655	0,6571	0,5916
93	2,0494	0,0001	0,5756	0,6624	0,5786
94	1,9941	0,0000	0,5742	0,6650	0,5768
95	2,0967	0,0000	0,5656	0,6781	0,5814
96	2,0974	0,0000	0,5508	0,6600	0,5792
97	2,1170	0,0000	0,5773	0,6736	0,5718
98	2,1406	0,0001	0,5536	0,6151	0,5676
99	0,7372	0,7345	0,5570	0,6102	0,5409
100	0,8494	0,0679	0,5710	0,6581	0,6048
101	1,0956	0,0631	0,5627	0,6263	0,5524
102	1,3138	0,1104	0,5527	0,6409	0,5654
103	1,3613	0,0211	0,5508	0,6377	0,5299
104	1,5335	0,0047	0,5321	0,6212	0,5489
105	1,3845	0,0897	0,5486	0,6055	0,5646
106	1,5193	0,0289	0,5771	0,6242	0,5739
107	1,5674	0,0202	0,5617	0,6285	0,5690
108	1,3707	0,0936	0,5413	0,6074	0,5573
109	1,6144	0,0166	0,5797	0,6732	0,6036
110	1,5236	0,0157	0,5615	0,6313	0,5510
111	1,6231	0,0645	0,5607	0,6367	0,5854
112	1,5009	0,0893	0,5779	0,6411	0,6019
113	1,7239	0,0030	0,5527	0,6150	0,5487
114	1,5843	0,0054	0,5479	0,6364	0,5600
115	1,6307	0,0192	0,5802	0,6540	0,5802
116	1,6337	0,0011	0,5772	0,6826	0,5892
117	1,7864	0,0018	0,5875	0,6898	0,6015
118	1,8002	0,0101	0,5630	0,6559	0,5821
119	1,8298	0,0003	0,5878	0,6722	0,5690
120	1,9049	0,0025	0,5845	0,6642	0,5929