epoch	valid loss	train loss	Cohen kappa	F1-score	MCC				batch	16	lr	0,005
1	0,9457	0,9079	0,2124	0,3086	0,2115
2	0,9183	0,5362	0,0778	0,2306	0,1768
3	0,8656	0,7537	0,2562	0,4191	0,3296
4	0,7482	0,5664	0,3497	0,4829	0,3802
5	0,6876	0,8293	0,4490	0,5530	0,4692
6	0,6346	0,3725	0,5074	0,6187	0,5481
7	0,6691	0,5309	0,4970	0,5553	0,5090
8	0,5840	0,3836	0,5672	0,6468	0,5990
9	0,6102	0,4463	0,5133	0,5974	0,5509
10	0,5573	0,6582	0,5750	0,6312	0,5887
11	0,5475	0,5769	0,6087	0,6845	0,6281
12	0,5541	0,3567	0,5975	0,6457	0,6240
13	0,5222	0,4373	0,6276	0,6704	0,6299
14	0,6492	0,2058	nan	0,6043	0,5360
15	0,5549	0,5370	0,5928	0,6484	0,6272
16	0,6101	0,5344	0,5964	0,6433	0,6079
17	0,5711	0,5398	0,5965	0,6562	0,6250
18	0,5824	0,2955	0,6208	0,6612	0,6428
19	0,6275	1,0197	0,5500	0,6329	0,5971
20	0,5510	0,7136	0,6428	0,6732	0,6274
21	0,5718	0,7200	0,6235	0,6927	0,6468
22	0,6010	0,7832	0,6204	0,6891	0,6344
23	0,6059	0,0837	0,6033	0,6924	0,6256
24	0,6609	0,9627	0,6037	0,6549	0,6239
25	0,6380	0,2189	0,6079	0,6809	0,6366
26	0,6988	0,0583	0,5810	0,6713	0,6140
27	0,7526	0,0314	0,5549	0,6523	0,5901
28	0,7491	0,1036	0,5878	0,6638	0,5906
29	0,8337	0,4321	0,5889	0,6755	0,5936
30	0,9267	0,1285	0,6089	0,6566	0,6060
31	0,9127	0,0579	0,5544	0,6605	0,5998
32	1,0280	0,0635	0,5471	0,6313	0,5460
33	0,9998	0,1101	0,5436	0,6674	0,6095
34	1,0522	0,6706	0,5412	0,6438	0,5750
35	1,1650	0,1249	0,5365	0,6656	0,5558
36	1,1824	0,1365	0,5680	0,6570	0,5872
37	1,1340	0,3199	0,5548	0,6474	0,5949
38	1,1072	0,1707	0,5747	0,6653	0,6020
39	1,2632	0,0392	0,5356	0,6400	0,5757
40	1,2529	0,1200	0,5608	0,6671	0,6035
41	1,2462	0,0945	0,5810	0,6881	0,6074
42	1,3704	0,0123	0,5720	0,6398	0,5636
43	1,3096	0,0271	0,5517	0,6288	0,5677
44	1,3427	0,0462	0,5598	0,6255	0,5761
45	1,3305	0,0682	0,5550	0,6271	0,5431
46	1,2639	0,0167	0,5644	0,6605	0,5903
47	1,4338	0,0419	0,5490	0,6180	0,5725
48	1,2895	0,0681	0,5348	0,6132	0,5583
49	1,3509	0,0339	0,5320	0,6354	0,5481
50	1,4997	0,0156	0,5539	0,6382	0,5871
51	1,4811	0,0134	0,5741	0,6430	0,5924
52	1,4996	0,0004	0,5651	0,6499	0,5925
53	1,2940	0,0003	0,5678	0,6182	0,5663
54	1,2761	0,1578	0,5741	0,6444	0,5687
55	1,3299	0,0003	0,5561	0,6287	0,5553
56	1,4347	0,0073	0,5942	0,6383	0,5846
57	1,4943	0,0070	0,5618	0,6570	0,6174
58	1,4318	0,0165	0,5646	0,6359	0,5836
59	1,4696	0,0008	0,5515	0,6239	0,5775
60	1,4114	0,0228	0,5585	0,6305	0,5491
61	1,5790	0,0009	0,5773	0,6792	0,6160
62	1,5660	0,0078	0,5872	0,6569	0,6033
63	1,4524	0,0131	0,5365	0,6185	0,5704
64	1,4810	0,0023	0,5605	0,6543	0,5960
65	1,6656	0,0215	0,5280	0,6255	0,5457
66	1,6075	0,0399	0,5308	0,6147	0,5295
67	1,5902	0,0024	0,5783	0,6802	0,6050
68	1,8147	0,0004	0,5269	0,6129	0,5757
69	1,5346	0,0008	0,5838	0,6667	0,6112
70	1,5912	0,0216	0,5490	0,6840	0,5776
71	1,5057	0,0030	0,5807	0,6570	0,5856
72	1,5631	0,3682	0,5663	0,6276	0,5925
73	1,5716	0,0009	0,5509	0,6488	0,5743
74	1,5282	0,0214	0,5502	0,6362	0,5433
75	1,7339	0,0006	0,5579	0,6599	0,6025
76	1,5195	0,3005	0,5567	0,6477	0,5796
77	1,7551	0,0109	0,5601	0,6615	0,5976
78	1,4884	0,0145	0,5478	0,6707	0,5868
79	1,6684	0,0007	0,5595	0,6655	0,6098
80	1,5807	0,0175	0,5547	0,6255	0,5642
81	1,6205	0,0036	0,5580	0,6282	0,5568
82	1,7214	0,0006	0,5184	0,6435	0,5711
83	1,7820	0,0064	0,5497	0,6420	0,5860
84	1,6851	0,0027	0,5681	0,6332	0,5830
85	1,7733	0,1466	0,5673	0,6442	0,5796
86	1,8140	0,0754	0,5674	0,6478	0,5970
87	1,9040	0,0029	0,5782	0,6559	0,5955
88	1,9973	0,0002	0,5369	0,6447	0,5688
89	1,7599	0,1386	0,5666	0,6297	0,5936
90	1,8446	0,0007	0,5507	0,6531	0,5954
91	1,8435	0,0041	0,5220	0,6147	0,5304
92	1,7993	0,0001	0,5788	0,6535	0,5974
93	1,9057	0,0027	0,5568	0,6221	0,5695
94	1,6620	0,0043	0,5666	0,6409	0,5704
95	1,7729	0,0763	0,5653	0,6604	0,5880
96	1,7886	0,0002	0,5426	0,6335	0,5777
97	1,7280	0,0027	0,5480	0,6311	0,5760
98	1,7597	0,0009	0,5600	0,6020	0,5638
99	1,8518	0,0109	0,5502	0,5872	0,5920
100	1,7627	0,4521	0,5793	0,6196	0,5754
101	1,9578	0,0075	0,5429	0,6690	0,5758
102	1,8960	0,0008	0,5366	0,6420	0,5575
103	1,7938	0,0035	0,5961	0,6676	0,6128
104	1,9398	0,0023	0,5781	0,6358	0,5908
105	1,6915	0,0007	nan	0,6653	0,5911
106	2,0640	0,0008	0,5594	0,6258	0,5792
107	1,7617	0,0000	0,5575	0,6151	0,5546
108	1,6459	0,4330	0,5646	0,6288	0,5776
109	1,7216	0,0019	0,5674	0,6425	0,5666
110	1,8089	0,0001	0,5182	0,6381	0,5670
111	1,8551	0,0067	0,5635	0,6376	0,5871
112	1,8850	0,0518	0,5298	0,6084	0,5563
113	1,6480	0,0052	0,5895	0,6686	0,6072
114	2,0168	0,0036	0,5320	0,6327	0,5790
115	1,6674	0,3986	0,5610	0,6429	0,5694
116	1,5603	0,0003	0,5776	0,6900	0,6188
117	1,7472	0,0003	0,5742	0,6290	0,5622
118	1,8902	0,0783	0,5744	0,6362	0,5847
119	1,7299	0,0006	0,5478	0,6414	0,5831
120	1,7557	0,0007	0,5526	0,6340	0,5623