epoch	valid loss	train loss	Cohen kappa	F1-score	MCC				batch	32	lr	0,001
1	0,8910	1,0151	0,1456	0,2639	0,1926
2	0,8371	0,7662	0,2365	0,3047	0,2778
3	0,8396	1,3372	0,2531	0,3022	0,2963
4	0,7353	0,8467	0,3306	0,3824	0,3954
5	0,7093	0,7661	0,4682	0,4848	0,4877
6	0,7102	0,5849	0,4197	0,5332	0,4433
7	0,7214	0,6503	0,4313	0,5161	0,4374
8	0,6647	0,7691	0,4916	0,5341	0,5158
9	0,6282	0,5036	0,4982	0,5940	0,5267
10	0,6497	0,4556	0,4918	0,5647	0,5401
11	0,6445	0,8526	0,4855	0,5701	0,5069
12	0,6386	0,4058	0,5176	0,5480	0,4984
13	0,6234	0,3919	0,5260	0,6213	0,5726
14	0,6379	0,8662	0,5260	0,6158	0,5331
15	0,5979	0,4251	0,5190	0,6433	0,5338
16	0,6023	0,6491	0,5414	0,6542	0,5601
17	0,6161	0,7591	0,5387	0,6328	0,5438
18	0,6120	0,6841	0,5130	0,5795	0,5274
19	0,6155	0,5014	0,5561	0,6506	0,5784
20	0,5954	0,4723	0,5461	0,6237	0,5575
21	0,6114	0,8211	0,5360	0,6179	0,5454
22	0,6079	0,5033	0,5387	0,6403	0,5509
23	0,5888	0,7403	0,5315	0,6037	0,5645
24	0,6127	0,6159	0,5619	0,6443	0,5827
25	0,6067	0,6807	0,5528	0,6031	0,5540
26	0,5558	0,5750	0,5591	0,6650	0,6027
27	0,5471	0,4211	0,5898	0,6634	0,5987
28	0,5861	0,7697	0,5457	0,6102	0,5475
29	0,5588	0,4866	0,5824	0,6663	0,6020
30	0,5401	0,4994	0,6044	0,6454	0,6021
31	0,5438	0,4957	0,6147	0,6881	0,6166
32	0,5761	0,6247	0,5915	0,6916	0,6068
33	0,5714	0,4654	0,5581	0,6753	0,5926
34	0,5280	0,4714	0,5915	0,6425	0,6013
35	0,5579	0,4034	0,5781	0,6669	0,6267
36	0,5573	0,4717	0,5940	0,6718	0,6115
37	0,5466	0,2930	0,5929	0,6544	0,5932
38	0,5432	1,2055	0,5865	0,6902	0,6112
39	0,5533	0,3902	0,6217	0,6626	0,6228
40	0,5409	0,5120	0,5729	0,6211	0,6023
41	0,5563	0,5510	0,5767	0,6761	0,6092
42	0,5494	0,6489	0,5807	0,6408	0,5779
43	0,5422	0,4518	0,6379	0,6958	0,6300
44	0,5710	0,5587	0,6162	0,6694	0,5971
45	0,5662	0,7359	0,5935	0,6968	0,6128
46	0,5654	0,6410	0,5989	0,7166	0,6276
47	0,5566	0,2755	0,6225	0,7450	0,6444
48	0,5920	0,3449	0,6052	0,6898	0,6226
49	0,5806	0,3527	0,5864	0,6592	0,6054
50	0,5779	0,8035	0,6074	0,7028	0,6181
51	0,5979	0,2532	0,6022	0,6936	0,6149
52	0,6003	0,2298	0,6251	0,7113	0,6205
53	0,6447	0,3868	0,5997	0,6711	0,6084
54	0,6317	0,4510	0,6037	0,7166	0,6235
55	0,6604	0,3153	0,5949	0,6822	0,6081
56	0,6695	0,4336	0,5819	0,6851	0,6270
57	0,6983	0,2849	0,5875	0,7029	0,6002
58	0,6857	0,0860	0,6232	0,6552	0,5957
59	0,7001	0,2815	0,5913	0,7264	0,6185
60	0,7359	0,2129	0,6052	0,6559	0,5988
61	0,7541	0,3105	0,5924	0,7184	0,6050
62	0,8048	0,3027	0,5460	0,6499	0,5436
63	0,8726	0,3211	0,5894	0,6624	0,5786
64	0,8894	0,3130	0,5822	0,6890	0,5918
65	0,8620	0,1805	0,5965	0,6724	0,6002
66	0,9652	0,0729	0,5953	0,6745	0,5923
67	0,9050	0,6349	0,5842	0,6332	0,5479
68	0,9372	0,0558	0,5944	0,6656	0,5604
69	0,9984	0,1877	0,5670	0,6870	0,5980
70	1,1439	0,2148	0,5572	0,6659	0,5999
71	1,0599	0,2822	0,5819	0,6922	0,6044
72	1,1656	0,0618	0,5652	0,6614	0,5625
73	1,1581	0,1497	0,5656	0,6676	0,5827
74	1,0947	0,0290	0,5757	0,6609	0,5582
75	1,1047	0,0384	0,5460	0,6078	0,5468
76	1,0340	0,0226	0,5865	0,6924	0,6087
77	1,0883	0,0593	0,5640	0,6811	0,5937
78	1,1606	0,0345	0,5837	0,6765	0,6115
79	1,2492	0,0227	0,5530	0,6674	0,5685
80	1,2613	0,0221	0,5479	0,6474	0,5673
81	1,3277	0,1010	0,5782	0,6697	0,5889
82	1,2967	0,0536	0,6009	0,6746	0,5860
83	1,3179	0,0334	0,5698	0,6539	0,5743
84	1,2749	0,0207	0,5576	0,6462	0,5701
85	1,3953	0,0782	0,6322	0,7096	0,6197
86	1,4568	0,2773	0,5603	0,6614	0,5766
87	1,1964	0,1583	0,5873	0,6976	0,5979
88	1,2553	0,1254	0,5586	0,6585	0,5820
89	1,2867	0,3328	0,5506	0,6913	0,5993
90	1,3432	0,0715	0,5929	0,6524	0,5974
91	1,4654	0,0738	0,5725	0,6449	0,5910
92	1,5073	0,0083	0,5534	0,6881	0,5895
93	1,3097	0,0020	0,5821	0,6903	0,6092
94	1,4925	0,0322	0,5820	0,6850	0,5925
95	1,2925	0,0261	0,5756	0,6937	0,5908
96	1,4388	0,0152	0,5605	0,6603	0,5813
97	1,4005	0,0151	0,5676	0,6590	0,5888
98	1,4684	0,1204	0,5686	0,6779	0,5761
99	1,5005	0,0940	0,5444	0,6784	0,5758
100	1,3654	0,0025	0,5807	0,6790	0,6106
101	1,4403	0,1049	0,5643	0,6965	0,5698
102	1,4644	0,0402	0,5723	0,6600	0,5816
103	1,5641	0,0467	0,5464	0,6533	0,5748
104	1,4990	0,0070	0,5336	0,6318	0,5331
105	1,3680	0,0030	0,5522	0,6694	0,5776
106	1,3984	0,0051	0,5559	0,6160	0,5373
107	1,3355	0,0134	0,5755	0,6728	0,6033
108	1,4046	0,0084	0,5873	0,6761	0,5875
109	1,4153	0,1605	0,5545	0,6706	0,5774
110	1,3197	0,0155	0,5831	0,6863	0,5769
111	1,4621	0,0097	0,5937	0,6519	0,5814
112	1,5245	0,0055	0,5773	0,6493	0,5687
113	1,4949	0,0124	0,5670	0,6736	0,5783
114	1,5394	0,0054	0,5555	0,6378	0,5740
115	1,3873	0,1678	0,5536	0,6536	0,5570
116	1,4503	0,2382	0,5734	0,6688	0,5914
117	1,5739	0,0042	0,5645	0,6676	0,5466
118	1,6299	0,0010	0,5682	0,6706	0,5811
119	1,4996	0,0045	0,5728	0,6672	0,5968
120	1,5630	0,0344	0,5723	0,6236	0,5851